10.0
13.11
14.93
27.91
36.88
40.36
43.04
46.46
49.02
51.19
53.02
53.04
56.65
57.69
59.54
61.61
60.99
63.36
64.35
65.23
65.48
66.54
68.26
69.0
69.84
70.45
70.93
70.94
71.59
73.37
74.07
73.78
73.69
75.16
75.27
75.04
76.2
76.45
76.26
77.23
76.61
77.54
77.81
78.04
76.86
77.95
77.64
77.98
78.02
78.22
78.43
78.37
77.94
78.42
78.78
78.46
77.64
78.43
79.09
79.07
79.04
78.27
78.63
78.57
78.81
78.32
78.46
78.88
79.09
78.84
79.21
79.08
79.06
79.33
78.98
78.98
78.84
79.59
79.49
79.43
78.91
79.66
79.19
79.29
80.1
80.63
80.54
80.32
80.88
80.67
80.6
80.74
80.66
80.76
80.74
80.74
80.8
80.75
80.77
80.75
10.0
10.0
10.0
10.0
10.0
10.0
10.0
10.0
10.0
10.0
10.0
10.0
10.0
10.0
10.0
10.0
10.0
10.0
10.0
10.0
10.0
10.0
