90.03
90.87
91.39
91.58
91.94
92.17
92.33
92.49
92.6
92.65
92.85
92.84
92.98
92.98
93.02
93.08
93.22
93.4
93.43
93.37
93.54
93.48
93.7
93.7
93.7
93.83
93.75
93.83
93.91
93.86
93.9
93.96
93.99
93.96
94.05
94.06
94.06
94.0
94.13
94.11
94.1
94.22
94.23
94.24
94.2
94.25
94.32
94.34
94.31
94.32
94.31
94.41
94.37
94.42
94.47
94.38
94.4
94.43
94.53
94.59
94.47
94.55
94.59
94.66
94.6
94.54
94.63
94.6
94.64
94.65
94.71
94.74
94.72
94.74
94.68
94.73
94.8
94.75
94.77
94.76
94.79
94.8
94.77
94.81
94.83
94.87
94.81
94.87
94.85
94.84
94.86
94.89
94.84
94.9
94.9
94.91
94.77
94.84
94.92
94.94
90.03
90.98
91.43
91.72
91.89
92.04
92.41
92.54
92.59
92.7
92.86
92.98
93.03
93.12
93.18
93.3
93.4
93.41
93.51
93.48
93.61
93.64
93.77
93.76
93.75
93.79
93.96
93.86
93.97
93.94
94.01
93.95
94.11
94.09
94.08
94.14
94.18
94.25
94.29
94.35
94.2
94.24
94.39
94.25
94.32
94.46
94.36
94.37
94.45
94.4
94.45
94.51
94.47
94.48
94.48
94.52
94.55
94.6
94.56
94.6
94.63
94.66
94.68
94.62
94.69
94.65
94.71
94.66
94.72
94.81
94.73
94.71
94.79
94.86
94.78
94.8
94.86
94.79
94.83
94.83
94.82
94.83
94.89
94.81
94.88
94.8
94.8
94.93
94.89
94.78
94.82
94.82
94.9
95.01
94.87
94.94
94.78
94.82
94.89
94.92
90.11
90.84
91.36
91.6
91.95
92.12
92.35
92.59
92.73
92.75
92.88
93.03
92.95
93.04
93.13
93.29
93.33
93.49
93.58
93.64
93.72
93.73
93.84
93.98
93.95
93.92
93.98
94.08
94.06
94.11
94.17
94.16
94.22
94.21
94.28
94.35
94.35
94.36
94.45
94.51
94.49
94.51
94.47
94.5
94.49
94.55
94.53
94.59
94.61
94.6
94.58
94.58
94.59
94.64
94.59
94.67
94.72
94.68
94.66
94.71
94.71
94.82
94.79
94.81
94.72
94.78
94.81
94.85
94.82
94.76
94.83
94.88
94.9
94.89
94.81
94.9
94.96
95.01
94.94
94.92
94.97
94.97
94.95
95.0
94.95
94.94
95.02
95.01
94.91
95.01
95.02
94.93
95.06
94.98
95.08
95.02
95.06
95.06
95.08
95.12
89.93
91.16
91.49
91.85
92.02
92.29
92.49
92.62
92.84
92.89
93.05
93.17
93.22
93.16
93.33
93.48
93.46
93.52
93.52
93.68
93.66
93.71
93.73
93.89
93.91
94.03
94.06
94.1
94.14
94.28
94.16
94.24
94.27
94.36
94.34
94.29
94.39
94.42
94.32
94.48
94.54
94.49
94.49
94.54
94.49
94.56
94.56
94.52
94.72
94.68
94.54
94.65
94.71
94.7
94.69
94.73
94.72
94.68
94.71
94.7
94.81
94.86
94.77
94.84
94.81
94.9
94.95
94.9
94.9
94.86
94.91
94.91
94.92
94.96
94.9
94.9
94.96
94.96
94.93
94.98
95.03
95.01
95.07
94.97
95.04
95.04
95.05
95.11
95.11
95.1
95.12
95.14
95.14
95.04
95.11
95.08
95.12
95.12
95.12
95.09
89.99
90.83
91.22
91.59
91.93
92.02
92.24
92.41
92.61
92.5
92.74
92.81
92.88
92.93
93.02
93.15
93.24
93.23
93.35
93.53
93.51
93.6
93.63
93.7
93.78
93.75
93.84
93.89
93.93
94.02
94.06
94.02
94.07
94.14
94.25
94.22
94.27
94.17
94.28
94.31
94.25
94.37
94.31
94.39
94.36
94.41
94.47
94.4
94.52
94.47
94.51
94.49
94.52
94.57
94.55
94.6
94.59
94.62
94.68
94.65
94.57
94.69
94.72
94.72
94.7
94.72
94.79
94.78
94.9
94.91
94.9
94.91
94.9
94.81
94.96
94.89
94.9
94.93
94.85
94.97
95.01
94.94
95.03
95.05
94.97
95.04
95.03
95.05
95.12
95.15
95.05
95.17
95.09
95.11
95.0
95.11
95.17
95.11
95.19
95.21
90.07
90.99
91.35
91.71
91.86
92.02
92.27
92.36
92.52
92.54
92.75
92.92
92.99
93.06
93.2
93.21
93.3
93.4
93.47
93.57
93.57
93.63
93.7
93.84
93.9
93.84
93.83
93.97
93.99
94.05
94.12
94.1
94.13
94.16
94.25
94.26
94.38
94.43
94.48
94.4
94.51
94.49
94.45
94.43
94.58
94.63
94.7
94.7
94.62
94.74
94.7
94.74
94.78
94.75
94.69
94.8
94.83
94.87
94.82
94.92
94.84
94.92
94.96
94.9
94.94
95.03
94.98
94.98
94.98
95.02
94.98
95.01
95.04
95.15
95.08
95.01
95.1
95.04
95.1
95.09
95.13
95.1
95.21
95.22
95.16
95.18
95.11
95.2
95.18
95.11
95.19
95.31
95.24
95.19
95.13
95.22
95.24
95.23
95.28
95.27
90.01
91.06
91.41
91.88
92.1
92.13
92.32
92.49
92.63
92.67
92.77
92.93
93.02
93.18
93.15
93.27
93.42
93.48
93.55
93.64
93.78
93.77
93.72
93.78
93.92
93.85
94.01
93.9
93.99
93.99
93.98
94.08
94.1
94.13
94.14
94.21
94.14
94.16
94.19
94.27
94.33
94.26
94.31
94.3
94.38
94.41
94.31
94.39
94.36
94.37
94.4
94.48
94.42
94.44
94.47
94.48
94.52
94.59
94.53
94.58
94.58
94.6
94.61
94.66
94.64
94.74
94.67
94.66
94.76
94.79
94.72
94.74
94.85
94.87
94.79
94.86
94.79
94.79
94.86
94.78
94.8
94.89
94.87
94.88
94.89
94.93
94.88
94.98
94.9
94.96
94.91
94.94
94.96
94.95
94.91
94.91
94.94
94.96
95.02
95.0
90.14
91.08
91.56
91.82
92.06
92.13
92.26
92.46
92.59
92.69
92.69
92.86
92.9
93.0
93.12
93.17
93.27
93.43
93.4
93.52
93.52
93.71
93.68
93.76
93.87
93.75
93.86
93.86
93.87
94.02
94.09
94.09
94.17
94.19
94.16
94.22
94.21
94.32
94.33
94.33
94.42
94.41
94.5
94.52
94.41
94.41
94.61
94.58
94.63
94.57
94.53
94.48
94.66
94.57
94.59
94.66
94.64
94.69
94.66
94.74
94.7
94.79
94.7
94.72
94.68
94.76
94.76
94.84
94.9
94.87
94.84
94.82
94.83
94.96
94.88
94.87
94.92
94.92
94.89
94.88
94.91
94.95
94.83
95.03
94.97
94.92
95.0
94.97
95.01
95.04
95.01
95.08
95.05
94.97
95.12
95.11
95.11
95.05
95.0
95.09
90.0
90.91
91.3
91.75
91.96
92.08
92.28
92.43
92.55
92.57
92.74
92.92
93.08
93.18
93.28
93.21
93.38
93.4
93.49
93.53
93.66
93.65
93.7
93.85
93.75
93.92
93.91
93.92
93.95
93.96
94.07
94.0
94.06
94.11
94.11
94.16
94.21
94.19
94.17
94.25
94.28
94.31
94.32
94.32
94.37
94.39
94.37
94.42
94.43
94.5
94.46
94.52
94.48
94.55
94.56
94.5
94.55
94.6
94.66
94.68
94.62
94.7
94.61
94.74
94.73
94.68
94.71
94.67
94.7
94.79
94.84
94.81
94.78
94.83
94.8
94.79
94.81
94.82
94.82
94.83
94.82
94.84
94.79
94.9
94.9
94.88
94.86
94.89
94.82
94.86
94.93
94.89
94.89
94.94
94.95
95.05
94.96
94.98
94.97
94.96
90.17
91.02
91.34
91.58
91.96
92.17
92.25
92.4
92.47
92.68
92.88
92.91
93.01
93.05
93.07
93.29
93.29
93.36
93.47
93.4
93.54
93.55
93.64
93.65
93.78
93.78
93.83
93.87
93.97
93.97
93.93
94.11
94.05
94.07
94.18
94.15
94.25
94.26
94.26
94.3
94.42
94.37
94.39
94.34
94.38
94.48
94.44
94.56
94.57
94.58
94.57
94.61
94.61
94.63
94.68
94.66
94.66
94.69
94.84
94.78
94.87
94.76
94.73
94.83
94.93
94.87
94.88
94.86
94.85
94.87
94.93
94.93
94.86
94.93
94.91
95.04
94.93
94.98
94.95
94.9
94.95
95.02
94.93
95.0
95.03
94.99
95.04
95.01
95.04
95.1
95.11
95.04
95.07
95.1
95.0
94.97
95.08
95.07
95.09
95.19
