78.4
88.83
90.63
91.75
92.92
93.62
94.24
94.71
95.19
95.39
95.79
96.02
96.18
96.38
96.63
96.73
96.86
96.88
97.16
97.35
97.3
97.41
97.56
97.68
97.58
97.72
97.81
97.8
97.76
97.95
98.05
98.02
98.09
98.07
98.15
98.25
98.21
98.24
98.27
98.31
98.36
98.4
98.4
98.37
98.43
98.46
98.47
98.52
98.53
98.55
98.51
98.6
98.61
98.6
98.59
98.64
98.62
98.68
98.68
98.69
98.64
98.66
98.7
98.71
98.73
98.71
98.71
98.75
98.72
98.76
98.78
98.71
98.77
98.76
98.76
98.76
98.81
98.79
98.8
98.76
98.8
98.8
98.86
98.82
98.83
98.89
98.88
98.86
98.85
98.86
98.87
98.85
98.88
98.91
98.87
98.87
98.89
98.88
98.91
98.86
98.91
98.91
98.91
98.91
98.91
98.95
98.95
98.94
98.9
98.94
98.9
98.95
98.96
98.98
98.99
98.98
98.96
98.99
98.99
98.98
98.96
98.94
98.99
98.97
98.97
98.98
99.01
99.0
98.97
98.99
98.94
99.01
99.01
98.95
98.95
98.99
99.0
99.02
98.97
99.02
99.0
99.0
98.97
98.97
99.01
98.99
98.99
98.97
98.97
98.94
98.99
99.02
99.0
99.02
98.98
99.0
99.04
98.99
98.99
99.04
99.05
99.04
99.0
99.0
99.04
99.02
99.03
99.04
99.03
99.07
99.05
99.04
99.02
99.05
99.06
99.0
99.03
99.01
98.98
99.02
99.0
99.02
99.0
99.08
98.99
98.96
99.0
98.98
98.94
99.01
99.0
99.04
99.01
99.03
99.04
99.04
98.99
99.02
99.02
98.98
68.8
86.69
90.03
91.54
92.53
93.15
93.9
94.35
94.94
95.27
95.64
95.85
96.09
96.32
96.53
96.73
96.86
97.09
97.15
97.36
97.45
97.56
97.63
97.73
97.84
97.8
97.97
98.02
98.1
98.13
98.19
98.19
98.24
98.24
98.3
98.34
98.34
98.4
98.41
98.35
98.46
98.49
98.49
98.55
98.59
98.59
98.6
98.61
98.57
98.61
98.6
98.66
98.67
98.62
98.72
98.73
98.66
98.7
98.75
98.73
98.72
98.7
98.72
98.8
98.74
98.68
98.8
98.8
98.82
98.76
98.8
98.83
98.83
98.79
98.86
98.85
98.86
98.82
98.85
98.82
98.85
98.85
98.9
98.88
98.83
98.92
98.91
98.94
98.91
98.85
98.92
98.9
98.93
98.87
98.91
98.9
98.95
98.91
98.86
98.88
98.91
98.96
98.93
98.97
98.96
98.93
98.96
98.96
98.97
99.0
98.95
98.96
98.96
98.93
98.92
99.0
98.98
98.96
99.01
99.01
98.99
99.0
99.01
99.0
99.02
99.03
99.03
99.03
99.06
99.02
99.06
99.09
99.05
99.06
99.06
99.08
99.08
99.07
99.04
99.08
99.06
99.06
99.07
99.09
99.08
99.06
99.06
99.1
99.11
99.09
99.08
99.05
99.05
99.12
99.1
99.08
99.11
99.1
99.1
99.11
99.11
99.14
99.13
99.14
99.15
99.16
99.2
99.18
99.14
99.19
99.09
99.14
99.16
99.16
99.13
99.16
99.16
99.17
99.16
99.12
99.16
99.19
99.14
99.17
99.19
99.12
99.15
99.16
99.11
99.14
99.13
99.08
99.14
99.12
99.17
99.12
99.1
99.14
99.14
99.11
73.94
87.91
90.6
91.47
92.58
93.4
93.89
94.38
94.76
95.16
95.37
95.68
96.04
96.22
96.38
96.54
96.6
96.8
96.94
97.03
97.18
97.24
97.31
97.42
97.6
97.7
97.63
97.84
97.83
97.85
97.9
98.06
97.96
98.11
98.15
98.11
98.2
98.13
98.29
98.36
98.26
98.3
98.22
98.36
98.29
98.44
98.45
98.45
98.43
98.47
98.5
98.53
98.51
98.52
98.56
98.6
98.56
98.6
98.61
98.64
98.62
98.63
98.66
98.63
98.67
98.72
98.71
98.72
98.73
98.72
98.74
98.72
98.77
98.72
98.76
98.76
98.73
98.75
98.76
98.74
98.75
98.76
98.76
98.78
98.75
98.75
98.74
98.76
98.8
98.79
98.77
98.8
98.75
98.87
98.79
98.82
98.82
98.81
98.81
98.86
98.85
98.88
98.89
98.86
98.87
98.86
98.86
98.87
98.89
98.88
98.83
98.92
98.91
98.87
98.89
98.93
98.87
98.91
98.93
98.93
98.85
98.9
98.93
98.91
98.93
98.95
98.92
98.87
98.89
98.93
98.92
98.96
98.91
98.89
98.95
98.95
98.96
98.98
98.91
98.91
98.95
98.94
98.96
98.89
98.95
99.0
98.98
98.91
98.93
98.93
98.97
98.95
98.97
98.98
98.95
98.93
98.93
98.89
98.98
99.0
98.97
98.94
98.97
98.96
98.94
98.97
98.95
98.91
98.96
98.96
98.92
98.98
98.93
98.92
98.97
98.96
98.96
98.96
98.99
98.92
98.95
98.98
99.0
98.96
98.98
98.95
98.96
98.97
98.91
98.97
98.93
98.94
98.99
98.94
98.97
98.99
98.95
98.95
98.98
98.99
76.91
87.48
89.92
91.34
92.36
93.02
93.77
94.18
94.75
95.13
95.43
95.85
96.06
96.22
96.43
96.68
96.8
96.94
97.06
97.19
97.33
97.34
97.41
97.55
97.58
97.67
97.68
97.78
97.88
97.92
97.93
97.98
98.0
98.03
98.08
98.19
98.15
98.24
98.21
98.21
98.31
98.29
98.31
98.39
98.32
98.29
98.36
98.31
98.41
98.44
98.43
98.47
98.45
98.46
98.51
98.52
98.52
98.52
98.52
98.57
98.58
98.56
98.56
98.55
98.55
98.54
98.64
98.63
98.62
98.57
98.59
98.64
98.62
98.67
98.69
98.73
98.62
98.6
98.69
98.65
98.71
98.72
98.71
98.72
98.7
98.72
98.73
98.73
98.73
98.7
98.73
98.76
98.75
98.71
98.75
98.83
98.76
98.76
98.82
98.8
98.85
98.79
98.76
98.72
98.86
98.8
98.83
98.83
98.8
98.81
98.82
98.78
98.87
98.86
98.86
98.86
98.84
98.89
98.92
98.88
98.89
98.85
98.86
98.9
98.91
98.89
98.94
98.96
98.87
98.93
98.88
98.91
98.92
98.92
98.97
98.93
98.93
98.94
98.94
98.91
98.91
98.94
98.9
98.92
98.88
98.92
98.95
98.96
98.95
98.94
98.93
98.89
98.96
98.94
98.95
98.95
98.93
98.94
98.93
98.91
98.92
98.95
98.97
98.94
98.94
99.01
98.96
98.97
98.98
98.97
98.96
98.93
98.94
99.01
98.99
98.92
98.98
98.98
98.93
99.0
99.03
98.97
99.02
98.99
98.98
98.97
99.0
99.01
98.99
99.0
98.99
99.03
98.99
99.0
98.96
98.97
98.99
98.97
98.98
99.0
75.0
87.64
90.78
91.98
92.8
93.51
94.16
94.58
95.1
95.44
95.79
96.07
96.22
96.47
96.7
96.86
96.96
97.08
97.3
97.3
97.4
97.52
97.64
97.77
97.81
97.98
98.04
97.99
98.05
98.1
98.14
98.15
98.27
98.2
98.29
98.31
98.31
98.32
98.38
98.34
98.44
98.42
98.39
98.4
98.49
98.55
98.49
98.54
98.54
98.57
98.59
98.65
98.65
98.66
98.7
98.68
98.63
98.75
98.7
98.73
98.78
98.8
98.75
98.75
98.77
98.76
98.84
98.84
98.84
98.87
98.85
98.87
98.85
98.83
98.84
98.88
98.88
98.86
98.9
98.91
98.94
98.9
98.89
98.92
98.9
98.94
98.94
98.91
98.97
98.97
98.96
98.96
98.99
98.94
98.96
98.96
98.95
98.97
98.98
98.95
98.95
98.98
98.96
98.95
98.98
99.0
98.98
98.97
98.92
98.97
98.96
99.0
99.01
98.96
98.97
98.97
98.99
98.96
98.97
98.98
98.89
98.99
98.93
98.93
98.98
98.99
99.0
98.97
98.95
98.99
98.97
99.01
99.02
98.98
99.02
98.97
99.01
99.01
98.98
98.98
98.99
99.01
98.99
99.02
99.03
99.0
99.0
98.98
99.01
99.0
99.02
98.99
99.02
99.01
98.98
98.98
98.95
99.01
98.98
98.99
99.01
98.96
99.03
99.0
98.99
98.98
98.94
98.98
99.03
99.01
98.94
98.94
98.99
99.07
98.98
98.96
98.99
99.0
98.96
98.96
98.97
99.0
99.02
98.95
98.98
98.93
98.97
98.96
98.95
98.99
98.97
98.95
98.97
98.98
98.94
98.94
98.88
98.94
98.93
98.98
