2.3014348876953123
2.2988014404296875
2.2839988037109373
1.98486435546875
1.7335068115234376
1.6102205810546875
1.5298284057617189
1.4566506225585938
1.386823291015625
1.3455805786132813
1.2858871337890625
1.288739697265625
1.2110447875976562
1.1729191040039062
1.1356949462890624
1.0857658203125
1.113960595703125
1.029069940185547
1.008895684814453
0.9873419128417968
0.9795043273925781
0.9463108215332031
0.9083414978027343
0.882101611328125
0.8663389099121094
0.8348744445800781
0.8348788146972657
0.8276859497070312
0.8117451538085938
0.7684054016113281
0.7583060363769532
0.7553239624023438
0.74711201171875
0.7205660705566406
0.7114526000976562
0.7239831909179687
0.6817900390625
0.6907936828613281
0.6847087646484376
0.662387939453125
0.6753540771484375
0.6517153869628907
0.6534590026855469
0.666650341796875
0.7058468383789063
0.6718329467773437
0.6935300415039063
0.6977515563964843
0.6795618041992187
0.6889757263183593
0.7148094299316406
0.7061562438964843
0.752948583984375
0.7359825927734375
0.7358053161621094
0.7509987548828125
0.8138071105957031
0.8282168518066406
0.8074156921386719
0.839759765625
0.8412323364257812
0.8999918029785157
0.9172078308105469
0.9676483520507813
0.9470811096191406
1.0081857604980469
1.0200531311035157
1.0189265625
1.0525555114746095
1.0732460510253907
1.0784229125976563
1.0617572509765625
1.1230435485839845
1.1342239501953124
1.158037451171875
1.1815791259765624
1.1799692504882813
1.1377444030761719
1.2067168701171875
1.2210706665039062
1.255050634765625
1.223799755859375
1.2674112670898436
1.2222818115234375
1.229899951171875
1.2394524291992188
1.2583019165039062
1.2981977294921876
1.3118124877929687
1.315519677734375
1.34018974609375
1.3475510498046874
1.3621911499023438
1.3718052612304688
1.3804381103515626
1.3898400390625
1.3984466430664062
1.4058210693359374
1.4113698852539063
1.4217625
5.220666137740147e+17
6.145003080397665e+17
6.943459276551854e+17
3.732962799433273e+18
1.5737902756880086e+20
1.1434467812704691e+21
6.652181606928505e+21
1.6792164055771077e+22
3.426662106277666e+22
6.352004150860596e+22
1.096845164286829e+23
1.791182741820197e+23
2.795309156273176e+23
4.199339713148261e+23
6.116812757160074e+23
8.664915085406364e+23
1.1999506964808208e+24
nan
nan
nan
nan
6.770702180008339e+17
