0.6724531188964844
0.5841426177978516
0.5458948120117187
0.5211311294555664
0.503828694152832
0.4895625198364258
0.4779221282958984
0.4654492904663086
0.4576527587890625
0.44870940856933594
0.4420970779418945
0.4354654052734375
0.4308020629882813
0.42416629028320313
0.4177930404663086
0.413861213684082
0.4093750747680664
0.4058881820678711
0.40247058868408203
0.3985557647705078
0.3953751708984375
0.392313037109375
0.388691569519043
0.3870562881469727
0.3843281311035156
0.3804155532836914
0.37935448455810544
0.3768456100463867
0.374032258605957
0.37377530670166015
0.36923119354248046
0.3676848403930664
0.3654440185546875
0.363715803527832
0.36099837341308594
0.3610365036010742
0.3584469284057617
0.3585872756958008
0.35621362609863283
0.35424508209228517
0.35278935699462893
0.35061576385498044
0.3496503509521484
0.34940043029785156
0.3482159545898437
0.34485189666748045
0.3450713592529297
0.3443451889038086
0.34128137359619143
0.3409486038208008
0.34019685516357423
0.34027977294921874
0.3395803451538086
0.33759994354248046
0.3367316940307617
0.3354034683227539
0.335000520324707
0.3328790817260742
0.33198685455322263
0.3308601547241211
0.3301640609741211
0.3297240921020508
0.3283662612915039
0.3288338516235352
0.3277708251953125
0.32682353210449216
0.32633331451416014
0.32660628967285155
0.3234766036987305
0.3238823959350586
0.32300642700195314
0.32220850830078124
0.3213949783325195
0.3214529495239258
0.3201346588134766
0.32015731353759763
0.3187791061401367
0.31863775329589844
0.3182305023193359
0.31742860717773436
0.3166345016479492
0.3159447937011719
0.3164183990478516
0.31673836059570315
0.31605326843261716
0.31458990783691404
0.3138064971923828
0.31320585327148437
0.31247005157470703
0.31253667907714844
0.3122352035522461
0.31162151641845703
0.3113673217773438
0.31099288024902344
0.3104262680053711
0.3093965057373047
0.3095032867431641
0.30863712768554685
0.3083837158203125
0.30767488403320314
0.6746576416015625
0.58565224609375
0.5489685531616211
0.523372184753418
0.5049281936645508
0.4888120666503906
0.4760475692749023
0.46674869537353514
0.457506950378418
0.44930811920166014
0.4409546829223633
0.43354871826171876
0.42617269134521485
0.42185435028076174
0.41667003936767577
0.41251554412841795
0.40817356719970704
0.40221090850830077
0.3988923248291016
0.39515182037353513
0.3918508972167969
0.3886310852050781
0.3856870758056641
0.3825821060180664
0.3796415939331055
0.3777205368041992
0.3737877990722656
0.3720698806762695
0.36915924072265627
0.3679238433837891
0.36473612670898437
0.3633445785522461
0.3607454055786133
0.35930679473876953
0.3584378677368164
0.355277702331543
0.3542703857421875
0.35215884246826173
0.3515606628417969
0.3500870559692383
0.34933206481933593
0.3471268341064453
0.34511800384521485
0.34437483825683596
0.3431449584960938
0.3412454803466797
0.34008023376464847
0.33879002532958985
0.3370089767456055
0.33697245025634764
0.3350991577148438
0.3341051223754883
0.33425231018066404
0.3319596481323242
0.33179377288818357
0.3306402587890625
0.3297454864501953
0.32908551483154297
0.32758005065917967
0.3268803421020508
0.32614449310302734
0.3247669891357422
0.3243577087402344
0.3250181442260742
0.3232294357299805
0.32266071014404296
0.3211766143798828
0.32152978973388674
0.31990553131103516
0.31869150390625
0.31850117950439455
0.31787946472167966
0.31743113555908203
0.31684415893554685
0.31602517700195315
0.3162486877441406
0.3147044006347656
0.31458946685791017
0.31350381164550783
0.3131189529418945
0.3125321350097656
0.31136590728759767
0.3108097320556641
0.3103860137939453
0.3097437210083008
0.3107648681640625
0.31053652191162107
0.30800694580078125
0.3084133026123047
0.30822583770751955
0.30803696594238283
0.30724911346435546
0.30739407958984377
0.30672416687011717
0.3057261672973633
0.30531318664550783
0.3055050811767578
0.30504654998779296
0.3041589401245117
0.3035694381713867
0.6713545593261718
0.5859328765869141
0.5497319061279297
0.5234249908447266
0.503851986694336
0.4907479385375977
0.47614756317138673
0.46567439575195313
0.45613678131103513
0.448205451965332
0.4408328872680664
0.4338397430419922
0.42726492767333984
0.4231953369140625
0.4177056182861328
0.41191051940917967
0.4086651870727539
0.40195518188476564
0.3982407012939453
0.39645322113037107
0.3918184799194336
0.389452880859375
0.38540113220214844
0.38226823883056643
0.3783750610351562
0.3758731826782227
0.3748257339477539
0.3719183792114258
0.3696034378051758
0.3673840240478516
0.36486837463378907
0.36221956329345706
0.36135211944580076
0.35963221588134764
0.3573698776245117
0.35502042694091795
0.35299678802490236
0.35239749145507815
0.35145816650390627
0.34832518463134765
0.34809905548095704
0.3451049758911133
0.3445393310546875
0.3432967834472656
0.34186998443603517
0.34257481842041015
0.3388394546508789
0.33774275665283204
0.33772192687988284
0.336830094909668
0.334914958190918
0.33462803497314453
0.33419444427490236
0.3322656021118164
0.33111356964111327
0.3299375961303711
0.32927262115478517
0.3291969955444336
0.3276242416381836
0.3265649887084961
0.32540130920410154
0.3248313903808594
0.3239138412475586
0.32393746185302735
0.32279803161621096
0.32224524841308594
0.3204057861328125
0.31948934173583987
0.3191415863037109
0.31908170928955076
0.31848489990234374
0.31760875244140624
0.31709556274414064
0.31615728302001955
0.31709059143066404
0.3147168441772461
0.3138549438476563
0.3122565216064453
0.31248245544433595
0.3132648376464844
0.312050732421875
0.3111024383544922
0.3110690887451172
0.31077570495605467
0.3098214218139648
0.30989915466308593
0.3084875900268555
0.30885648040771485
0.30777531127929686
0.30693206481933594
0.3064567443847656
0.3069176712036133
0.30547506103515626
0.30538197326660155
0.3048726119995117
0.30499203186035156
0.30361937866210936
0.3034662567138672
0.3031821899414063
0.3021743713378906
0.6704903472900391
0.5832847930908203
0.5467861587524414
0.5227169128417969
0.5076468734741211
0.4899552062988281
0.4768914764404297
0.46591412963867185
0.4566444000244141
0.4470388702392578
0.43955680541992187
0.431662939453125
0.4261220657348633
0.4223145446777344
0.41580970458984373
0.4110971252441406
0.40621804962158203
0.4024987594604492
0.3985722259521484
0.3943147705078125
0.3905997634887695
0.3879080062866211
0.384245280456543
0.38072189483642577
0.3780288070678711
0.3749337997436523
0.3729368667602539
0.3697410278320313
0.3677322769165039
0.3653921081542969
0.362797428894043
0.36081578216552734
0.35950951232910155
0.3567211944580078
0.35466089019775393
0.3540764282226562
0.35217323150634766
0.35041754913330075
0.34940638275146485
0.3472201950073242
0.34616724090576173
0.34464869537353515
0.3439827239990234
0.3426638458251953
0.3409082702636719
0.338935302734375
0.3382889892578125
0.3389240982055664
0.33564722747802733
0.3353931854248047
0.3345329605102539
0.3339634506225586
0.3319356979370117
0.3313145217895508
0.3304806488037109
0.3290101181030273
0.3282324691772461
0.3271723693847656
0.32727945861816404
0.3260496047973633
0.32484983520507815
0.32522600708007815
0.3235019485473633
0.32191906890869143
0.32149278717041013
0.31980460357666013
0.3201659515380859
0.3193027877807617
0.31862347259521484
0.3181622833251953
0.3170680603027344
0.3170512313842773
0.31565824432373046
0.3151084197998047
0.31479497680664065
0.3151303207397461
0.31344526824951174
0.3135072830200195
0.31383217620849607
0.3121008041381836
0.31071324005126955
0.3112294937133789
0.3094559020996094
0.3097920181274414
0.3094985092163086
0.3083800765991211
0.30797991485595705
0.3077962631225586
0.30612243347167967
0.3069115982055664
0.3063433670043945
0.30533025665283203
0.30420093688964844
0.30565516357421874
0.30392047576904296
0.304430744934082
0.3031741897583008
0.3033811264038086
0.3034347900390625
0.3022888931274414
0.6678515167236329
0.583119677734375
0.5477544128417968
0.5216229354858398
0.5056889739990235
0.49003028564453127
0.47853067016601564
0.46733027954101564
0.45849913482666016
0.4516201507568359
0.4439345703125
0.4374835678100586
0.43194067077636716
0.42780919036865234
0.42101382751464844
0.4155821365356445
0.41175457458496095
0.40728939056396485
0.40273221893310546
0.3995830902099609
0.39612461700439455
0.39218615264892576
0.38990814208984376
0.3871074371337891
0.3836699066162109
0.3815832534790039
0.37899942474365234
0.3759671859741211
0.37391941833496095
0.3720618194580078
0.36843518676757814
0.3667792892456055
0.3664720001220703
0.36381214447021487
0.3599073745727539
0.35929202728271487
0.3572023986816406
0.35610924835205077
0.3539483673095703
0.3532437896728516
0.35203907775878907
0.34947782592773435
0.34829455108642576
0.3469217559814453
0.34622442474365234
0.34493365783691404
0.34413836822509764
0.3426504638671875
0.34063546142578127
0.3389716903686523
0.33920052032470704
0.33866229553222654
0.33672969055175783
0.33641319122314456
0.3352076843261719
0.33522525482177734
0.33324957122802734
0.3324781066894531
0.3307332504272461
0.33099729919433596
0.33091903533935546
0.32861464691162107
0.32819373931884765
0.3272135177612305
0.3270855743408203
0.32562602996826173
0.32405022125244143
0.32462369995117185
0.3226525466918945
0.32190938262939456
0.322496662902832
0.3210826431274414
0.3206987274169922
0.32028057861328124
0.3187443176269531
0.3192341506958008
0.31875186767578123
0.31740939025878906
0.3179969818115234
0.31635065002441404
0.31628587341308595
0.3151611526489258
0.31445481872558595
0.31472923583984375
0.315219580078125
0.3137317459106445
0.31238675231933594
0.3126757400512695
0.31127846221923827
0.3099148635864258
0.31070196838378905
0.31100203704833984
0.3101947799682617
0.30973450164794925
0.3108976852416992
0.30914590454101565
0.30814806365966796
0.30751088409423827
0.3067280654907227
0.3062414749145508
0.6688458648681641
0.5810774230957031
0.5434999160766602
0.5195832443237305
0.5006402679443359
0.4862767517089844
0.47409524688720706
0.4641459365844727
0.4540041015625
0.4464864456176758
0.43866051483154295
0.43284657135009763
0.4252888031005859
0.41899359436035155
0.4137484359741211
0.4100057174682617
0.40413405456542967
0.3993352722167969
0.396495915222168
0.39244403228759767
0.38933079986572267
0.3844517776489258
0.3818104934692383
0.379921516418457
0.3757980514526367
0.3722789779663086
0.3713120620727539
0.36913936309814455
0.36533897094726564
0.3638265853881836
0.3608058197021484
0.3604202926635742
0.35691531066894533
0.35544205322265626
0.3538369430541992
0.3519164108276367
0.35053160247802734
0.34779576873779294
0.34792286529541017
0.3464550308227539
0.34323419952392575
0.34232464904785154
0.3418763153076172
0.34001554412841795
0.33857261810302736
0.33847228088378906
0.337357487487793
0.33492352142333986
0.3344508026123047
0.332658837890625
0.3318177978515625
0.33201028442382813
0.3305088836669922
0.3305690872192383
0.3293548278808594
0.32724741973876953
0.32673212432861326
0.3254647064208984
0.32394808654785157
0.3235642593383789
0.3233890411376953
0.32319790649414065
0.3209218032836914
0.32017572326660154
0.3197882583618164
0.31938805847167967
0.31908538970947264
0.3183481033325195
0.3190149017333984
0.31649124755859376
0.31539995574951174
0.3150892974853516
0.31567540893554685
0.3134633819580078
0.31287261352539064
0.3123949478149414
0.31172273254394534
0.31158631439208984
0.3118215774536133
0.3114570922851562
0.3097148300170898
0.3111956771850586
0.3092191818237305
0.30792237396240235
0.30821779022216794
0.3071632415771484
0.3069832977294922
0.30736126708984374
0.3070164810180664
0.3064101043701172
0.3050572982788086
0.30585906982421873
0.3041809326171875
0.30488421325683596
0.3052626693725586
0.3036856384277344
0.3038104705810547
0.302254866027832
0.3019651794433594
0.30248528594970703
0.6675628784179688
0.5825192260742188
0.5431584930419922
0.519919271850586
0.4995845199584961
0.48668443603515626
0.47449287109375
0.46559522094726563
0.45563524169921876
0.4477619979858398
0.43950476837158203
0.4327685775756836
0.4267377655029297
0.41972900543212893
0.41585067749023436
0.41106270599365236
0.4054352691650391
0.40088641510009765
0.39848928985595705
0.3943826126098633
0.39063337097167966
0.3876496322631836
0.3856919189453125
0.38308968811035155
0.3786947784423828
0.3760113204956055
0.3726047546386719
0.37083965454101564
0.3678419494628906
0.3658064254760742
0.3654910430908203
0.3625204742431641
0.3606134521484375
0.3586481903076172
0.3574646011352539
0.3546146392822266
0.3529353973388672
0.3523965606689453
0.3497631118774414
0.34910194854736326
0.34606197357177737
0.34567972717285156
0.3450334289550781
0.3434170547485352
0.3403664413452148
0.3393643112182617
0.339271208190918
0.33868784790039064
0.3384168014526367
0.3364615234375
0.3353290313720703
0.33428790283203125
0.33355110321044923
0.3315036117553711
0.33042212677001953
0.3301099136352539
0.3301870361328125
0.3281107818603516
0.32812275085449216
0.32664612731933595
0.325971354675293
0.3264006332397461
0.32475556640625
0.32432562561035155
0.32357278747558593
0.32223578948974607
0.3224222915649414
0.32200148162841796
0.32099889526367187
0.3186646697998047
0.31854627227783205
0.3177149658203125
0.31579139099121095
0.3163689208984375
0.31640833740234375
0.31495839233398437
0.31522293090820314
0.31434899749755857
0.31283594970703127
0.31310611267089844
0.3133265640258789
0.31156790618896485
0.3111346343994141
0.31112897338867185
0.30950096435546876
0.3101413543701172
0.30940816040039065
0.3084637496948242
0.3088684661865234
0.307367155456543
0.307959977722168
0.3066232635498047
0.30597349700927734
0.305068994140625
0.30513999328613284
0.30495193939208987
0.30493363189697265
0.3049464126586914
0.30329021453857424
0.3025939331054687
0.6648912841796875
0.5815506134033203
0.5469409225463867
0.524112791442871
0.5057196105957031
0.4912913192749023
0.48012252502441405
0.470130322265625
0.4605445846557617
0.45562345581054686
0.44491621704101564
0.43753845825195314
0.4300873764038086
0.42607166748046876
0.420376823425293
0.4137585021972656
0.4101726898193359
0.40613223876953125
0.40316597747802735
0.397892399597168
0.39561270294189455
0.3917608947753906
0.38817232360839843
0.38310040130615236
0.3819941467285156
0.37962376861572267
0.37784254302978515
0.37483609313964844
0.37179742126464843
0.36995101623535154
0.36833897552490236
0.36630630950927734
0.36484915618896485
0.36208690490722656
0.3600913833618164
0.35852078704833984
0.356619677734375
0.35465911712646486
0.353244303894043
0.3515438766479492
0.34962462463378907
0.348415966796875
0.34687827758789064
0.3446272445678711
0.34489127044677736
0.34279050598144534
0.3416883544921875
0.33992096099853514
0.3392138824462891
0.33942913665771485
0.3372250244140625
0.3360669235229492
0.33537466430664065
0.33297781829833983
0.33324371795654295
0.3322246612548828
0.3330473419189453
0.3299837188720703
0.329765202331543
0.32870950927734377
0.3278811981201172
0.3279701156616211
0.32553311920166017
0.32467094116210937
0.3253387435913086
0.32387351226806643
0.32279295959472654
0.3224234329223633
0.32183386688232424
0.32105808868408203
0.3204355941772461
0.3202727798461914
0.31862450103759765
0.3189852081298828
0.31922512359619143
0.31703495025634765
0.31535494232177735
0.3153981704711914
0.31648631896972657
0.3152902114868164
0.31509024963378907
0.31397272033691404
0.3139653045654297
0.3130986251831055
0.3118771987915039
0.312166374206543
0.3106641540527344
0.3103310043334961
0.3105676971435547
0.31018490600585935
0.3099994873046875
0.3094782531738281
0.3084539764404297
0.30899081573486326
0.30742893524169923
0.3077349334716797
0.3058938522338867
0.3075608444213867
0.30791053924560546
0.3073980346679687
0.6698915832519531
0.5883648895263672
0.5512589782714844
0.527146875
0.5064114013671875
0.49221466064453123
0.48065490417480466
0.4697776275634766
0.46107433013916016
0.45419647216796877
0.4453801223754883
0.43751194763183593
0.4310837768554687
0.4260466720581055
0.41952747497558596
0.4154066116333008
0.4117681350708008
0.40669325256347655
0.4030433578491211
0.3990998870849609
0.3965502426147461
0.3909713302612305
0.38871107940673827
0.3850056900024414
0.3839816940307617
0.37896028900146483
0.37774625244140625
0.3740333312988281
0.37189116821289064
0.3699347442626953
0.36742741851806643
0.3661793960571289
0.3635000335693359
0.36172630920410154
0.3604324371337891
0.3578385009765625
0.35572498931884766
0.35504281463623044
0.35351027069091795
0.3515146423339844
0.35068349609375
0.34941652221679687
0.34769114990234373
0.3461673187255859
0.34463153228759763
0.34366783905029297
0.3426072814941406
0.34112925415039064
0.3403619934082031
0.33989928588867185
0.33830364990234374
0.33628176879882815
0.33615257263183596
0.33517485656738283
0.334652490234375
0.3329037155151367
0.33225943298339844
0.33074454040527346
0.33074473571777346
0.32960489196777343
0.32788322448730467
0.3276784576416016
0.3278957504272461
0.32619891662597655
0.32563701171875
0.3253029159545898
0.3240765747070313
0.3235352600097656
0.3234832077026367
0.3216945068359375
0.32066170196533206
0.31951788482666016
0.32029446868896483
0.31970869903564453
0.3178661193847656
0.3175781478881836
0.3177584457397461
0.3166615997314453
0.31645875549316405
0.3159667037963867
0.31548631896972656
0.3148604934692383
0.31403311614990237
0.3147610076904297
0.313221076965332
0.3123422622680664
0.3114076446533203
0.31241202697753906
0.3125376174926758
0.31060067138671876
0.31028259887695314
0.30931309814453123
0.3097866516113281
0.30961324615478514
0.3095851974487305
0.30719122924804687
0.3076756118774414
0.30750508880615235
0.3070949569702148
0.30614505310058593
0.6704160186767578
0.5834679351806641
0.5501844573974609
0.5226927017211914
0.5036967712402344
0.49039856872558596
0.4784377807617187
0.46769248962402343
0.45679562530517576
0.4487094268798828
0.4410576568603516
0.4336375732421875
0.42680889282226564
0.4220770523071289
0.4165051300048828
0.411257975769043
0.4048078063964844
0.4018964324951172
0.3975146072387695
0.3944757080078125
0.38925272521972654
0.38627208251953127
0.3832878601074219
0.38126900939941405
0.3764575241088867
0.3746646713256836
0.37322794647216795
0.3691883819580078
0.36684081573486327
0.36521944885253904
0.362431901550293
0.3601930679321289
0.35792838439941405
0.3554456314086914
0.35402312927246093
0.3527133041381836
0.35103440551757814
0.3487167129516602
0.34766077117919925
0.34671332397460936
0.34433310546875
0.3434955780029297
0.3415259475708008
0.34038236541748046
0.33914467010498045
0.3373381988525391
0.33680475311279295
0.33475438079833986
0.3340006698608398
0.3326252410888672
0.33215387268066404
0.3297150482177734
0.3287284957885742
0.32822117309570314
0.32695656280517577
0.32598502807617186
0.32579115447998047
0.32536832122802734
0.32321817932128905
0.3231769515991211
0.32156419677734377
0.321226286315918
0.32001203918457033
0.3197595733642578
0.3183729705810547
0.3178732162475586
0.31733255310058595
0.316219401550293
0.31731051635742186
0.3155828582763672
0.3144870040893555
0.3138882507324219
0.3133103363037109
0.3124784393310547
0.31211488800048826
0.31010542449951173
0.3106731430053711
0.31088213500976564
0.30949734954833985
0.3090540420532227
0.30839397888183595
0.3074850112915039
0.30709451904296875
0.3065745529174805
0.3072405792236328
0.3061274673461914
0.3054473052978516
0.30515717468261716
0.30342034301757814
0.3029586959838867
0.30254434509277345
0.3031590805053711
0.30267965240478517
0.3023979934692383
0.30131005401611327
0.3020718338012695
0.30028638763427734
0.30067464447021486
0.2998650161743164
0.2988981018066406
