2.1097174682617186
1.1362053955078124
0.7591328491210938
0.5870805999755859
0.48625061950683596
0.41948582153320313
0.36805625915527346
0.3327793243408203
0.30365791778564455
0.27975101013183595
0.26056867294311525
0.24400444564819335
0.22884211807250976
0.21949141159057617
0.20737881851196288
0.19897293853759765
0.19265665740966798
0.1840111255645752
0.17646655502319336
0.16963525199890137
0.16572844200134276
0.16180282554626466
0.156004931640625
0.15165341682434083
0.14855576095581055
0.14555907669067383
0.13847309951782227
0.13669335975646973
0.13610126876831055
0.1305538932800293
0.1253618194580078
0.12425972175598145
0.1211799072265625
0.11980603370666504
0.11919913139343262
0.11538540916442871
0.11486923599243164
0.11210468673706055
0.1112642120361328
0.10845236282348633
0.10702118186950683
0.10555373363494873
0.10554799575805664
0.10546189327239991
0.1015388957977295
0.10031504058837891
0.10072165851593018
0.09763470363616944
0.09715270118713379
0.09549417228698731
0.0963481912612915
0.09465253639221191
0.09545216541290283
0.09360542964935303
0.09308374729156495
0.09114829330444336
0.09237713451385499
0.08989686527252197
0.08943035011291504
0.08997125453948975
0.08934704570770263
0.08964733486175537
0.08772221527099609
0.08723020248413085
0.08731487865447998
0.08614563274383545
0.08626449089050293
0.0861263614654541
0.08578467063903808
0.08501823825836181
0.08440351781845093
0.085488348197937
0.08513011302947998
0.08332242164611817
0.08319570398330689
0.08545272970199586
0.0828041853904724
0.08189283714294433
0.08207408428192138
0.08237584800720214
0.08298668403625488
0.08171030368804931
0.0807528507232666
0.08071819562911987
0.08089821090698242
0.08037449235916137
0.07944232444763183
0.08005967330932617
0.08010804653167725
0.07984489784240723
0.07908854579925537
0.07917324905395508
0.07898071966171265
0.07886876010894775
0.07946402578353882
0.07802253255844116
0.0786342752456665
0.07858594150543213
0.07857977533340454
0.07881623668670654
0.07860367269515992
0.07753153600692748
0.07718298683166504
0.07700228786468506
0.07678459978103638
0.07595777072906494
0.07663558158874512
0.07595953197479248
0.0758475775718689
0.07618306007385255
0.0758923789024353
0.07568927125930786
0.07482023944854736
0.0754881365776062
0.07594234228134156
0.07555530605316162
0.0771963752746582
0.07559871072769166
0.07535501661300659
0.07432646856307984
0.0742217059135437
0.07479087648391723
0.07536052789688111
0.07559795503616333
0.0754807249546051
0.07520335302352905
0.07539781227111816
0.07538693952560425
0.07509844341278075
0.07446594462394715
0.07615020694732666
0.0751020318031311
0.0747938265800476
0.07633966293334961
0.07631261644363403
0.07547865810394287
0.07608667178153991
0.07558728494644165
0.07562369952201843
0.07514376072883606
0.07468678703308106
0.0748735857963562
0.07546661176681518
0.07492991313934326
0.07510796384811401
0.07534801568984985
0.07574077744483948
0.07528012542724609
0.07476874151229858
0.07602641334533691
0.07553829622268676
0.07458481283187866
0.07412020497322082
0.07424078717231751
0.07578759574890137
0.07494318351745606
0.07526927585601807
0.07453848886489868
0.0757942449092865
0.07498083057403565
0.07541010684967041
0.07488029794692994
0.07522376680374146
0.07492933053970337
0.07644298281669616
0.07612021903991699
0.07592999558448792
0.07410372943878174
0.07604176068305969
0.07483386921882629
0.07474543843269348
0.07583165688514709
0.07539969854354858
0.07681830348968506
0.07611780376434327
0.07715482845306397
0.07741123914718628
0.07659981966018677
0.07764149432182312
0.0767925087928772
0.07662435750961304
0.0774827163696289
0.07665879669189453
0.07731211204528808
0.07884086875915527
0.07848437747955322
0.07831040258407593
0.07863446550369263
0.07806365737915039
0.07740608768463135
0.0780573567390442
0.07814479484558105
0.07923548145294189
0.07850579137802124
0.07848093729019165
0.07927362604141236
0.07871738300323486
0.08037821364402771
0.07920419540405274
0.08037222127914428
2.2126326171875
1.1889823974609375
0.7873817565917969
0.6083225646972656
0.5049397796630859
0.43658965606689454
0.38501499481201173
0.3480244888305664
0.31604123077392576
0.29044554443359377
0.2675384719848633
0.24912298355102538
0.2345163818359375
0.22027074813842773
0.20591334381103515
0.19367124557495116
0.186264058303833
0.17587330513000488
0.17011889114379883
0.1617904052734375
0.15505499153137206
0.15448141860961914
0.14438819580078124
0.1414405284881592
0.13657646026611328
0.1333334041595459
0.12719157905578612
0.1268253593444824
0.12210920486450196
0.11685405921936035
0.11545296478271484
0.11545659866333008
0.11170150337219238
0.10967402763366699
0.10879797821044922
0.10656481189727783
0.10605460395812988
0.1026714557647705
0.10317088508605957
0.10100313453674316
0.10066123867034912
0.09864197177886963
0.09840519523620606
0.09529827404022216
0.09419332962036132
0.09352646656036377
0.09363650054931641
0.09303469314575195
0.09067028579711914
0.09036052284240723
0.08951143035888671
0.08932778987884521
0.08674153232574464
0.08847885036468506
0.0863823751449585
0.0867158519744873
0.08594435863494873
0.08494882030487061
0.083918714427948
0.08468580703735351
0.08489267711639405
0.08394926719665527
0.08381609544754029
0.08242654457092286
0.08319468364715576
0.08224652690887452
0.08306197366714478
0.08159870204925537
0.08167230491638183
0.08108796710968018
0.08141190509796142
0.08068027973175049
0.07962168855667114
0.0796843894958496
0.07978171482086181
0.078532470703125
0.07930218296051025
0.07838890476226806
0.07827975521087646
0.07774307594299316
0.07738003807067871
0.07766769399642945
0.07659716386795044
0.07695926427841186
0.07853704624176025
0.07734328403472901
0.07771972684860229
0.07564679203033448
0.07708837203979492
0.07764285850524902
0.07731727628707885
0.07678850364685058
0.07539068870544434
0.0763061577796936
0.07618003149032593
0.0753955397605896
0.07590173797607422
0.07655347108840943
0.07484645748138427
0.07546897783279419
0.07534183311462403
0.07392904844284058
0.07401250648498535
0.07373752927780151
0.07385935773849488
0.07450319356918335
0.07397027502059937
0.07269774351119995
0.07416812057495117
0.07328715629577637
0.07403186254501343
0.07392177791595458
0.07279544076919556
0.07260165395736694
0.07383368244171143
0.07180272498130798
0.07214396038055419
0.07185156869888305
0.07139299030303956
0.07100768384933472
0.0709973274230957
0.07183752617835999
0.07118498792648316
0.0702349956035614
0.07086321067810059
0.07047974004745483
0.07018892297744751
0.06976234107017518
0.06958543128967286
0.07062993383407593
0.07038916940689087
0.06955130548477173
0.0697953408241272
0.069754518699646
0.06945344772338867
0.06859083075523377
0.06893544878959655
0.06902981719970704
0.06911987891197205
0.06877870469093322
0.06746327590942383
0.06858614420890809
0.0690017292022705
0.0690784635066986
0.06858411712646484
0.06873620624542236
0.06857625975608826
0.06963909153938294
0.06767768936157227
0.06929870100021363
0.0685604425907135
0.06792198324203491
0.06881521692276
0.0682523790359497
0.06763446559906006
0.06949162750244141
0.06897499709129333
0.06875144400596618
0.06861956510543823
0.06814156241416931
0.06883666217327118
0.06743486621379852
0.06840048897266388
0.06842589030265808
0.0689293565273285
0.06907154593467713
0.06870397670269013
0.06801771686077118
0.06879468545913696
0.06879439549446106
0.07036047534942627
0.0677978854894638
0.06863330254554749
0.06947112584114075
0.0696990700006485
0.06830565767288208
0.06913867874145507
0.06887782855033875
0.06877902102470398
0.06832371482849121
0.06831556982994079
0.06849901940822602
0.06924412503242493
0.06928420441150665
0.06839181168079377
0.06970527160167694
0.07018205952644348
0.06983338561058045
0.07049629364013672
0.06974165844917297
0.07019026355743409
0.07090241096019745
0.07040886142253876
0.06999926137924194
0.07068321492671967
0.07109426703453064
0.07054488453865052
0.07068281626701355
0.07116437463760376
0.07141431312561035
2.099524267578125
1.1536779541015625
0.7719868041992187
0.6019460968017578
0.5007004730224609
0.4357886978149414
0.38937156677246093
0.3528474136352539
0.32394078063964843
0.2963088829040527
0.27707000732421877
0.2598386329650879
0.24656325912475585
0.23156527938842775
0.22191510543823242
0.21076492385864257
0.20229117965698243
0.19177508392333983
0.1879446601867676
0.1780616683959961
0.1727818115234375
0.16638215217590333
0.1626683391571045
0.1588949436187744
0.1527855854034424
0.14720272789001465
0.14791154251098632
0.1423994068145752
0.14012392692565917
0.13830800933837892
0.1357016010284424
0.13151434288024902
0.12759573097229004
0.12584713439941406
0.12450490989685059
0.12416717414855957
0.12121372871398926
0.11902278823852538
0.11567496337890625
0.11535784664154053
0.11516140632629394
0.11133967819213868
0.1103215425491333
0.10963708267211913
0.10959622383117676
0.10606513347625733
0.10527668895721436
0.10536394958496094
0.10311304473876953
0.10451535549163818
0.10095454616546631
0.10311385192871093
0.0989239658355713
0.1004870891571045
0.0987671350479126
0.09595565414428711
0.09567568855285645
0.09505645217895507
0.09479239482879638
0.0939951551437378
0.0927515495300293
0.09182093391418457
0.09195601062774658
0.09294839134216308
0.09217934436798096
0.08915270309448242
0.09074654006958008
0.0899539779663086
0.08960045948028564
0.08767572078704834
0.08832580146789551
0.08905182342529297
0.0884772045135498
0.0889890235900879
0.087322513961792
0.0878814847946167
0.08663400497436523
0.08607201900482178
0.08580684700012207
0.08512162456512451
0.08670590591430664
0.08503754138946533
0.08615228157043457
0.0870657663345337
0.0856264123916626
0.08708455696105957
0.085059574508667
0.08508959426879883
0.08251487064361572
0.08424392318725586
0.08460255184173585
0.08425952644348145
0.08417189903259277
0.08301196308135986
0.08233694839477539
0.08153385906219482
0.08256831607818603
0.08163359184265137
0.08268516731262207
0.0826711275100708
0.08167285118103028
0.08157058963775635
0.08124344100952148
0.07982584857940674
0.08003170433044433
0.08057268180847169
0.08024518871307373
0.07922772350311279
0.07843225574493408
0.07870163803100585
0.07901549434661866
0.07848722991943359
0.07771710758209228
0.08050258293151856
0.07812952461242675
0.07860870761871337
0.07848867282867432
0.07831401081085206
0.07729238204956054
0.07733284740447999
0.07737494220733643
0.07606112003326417
0.07674308280944825
0.0755748399734497
0.07565879592895508
0.07589573621749877
0.07718663578033447
0.07529635429382324
0.07628965711593629
0.07463681030273438
0.0749301420211792
0.07477557458877564
0.07507272443771362
0.07654839410781861
0.07629040565490723
0.0742615571975708
0.07469310312271119
0.0755995943069458
0.07514835758209229
0.07425259160995483
0.07525329313278198
0.07513668994903565
0.07627781887054444
0.075646382522583
0.07444204444885254
0.0744426887512207
0.07412523498535156
0.07478583135604859
0.07576456651687621
0.07630974521636963
0.07466734027862548
0.07692849588394166
0.0743468339920044
0.07573606491088868
0.07643672580718994
0.07549958190917969
0.07600410385131835
0.07633807773590087
0.07570269041061402
0.07537785530090332
0.07574923782348633
0.07664159803390502
0.0774563853263855
0.07702179698944092
0.07724546890258789
0.0764911678314209
0.0786523452758789
0.07773305339813233
0.07805970067977905
0.0776808349609375
0.07827769689559937
0.07680608310699463
0.07884572820663452
0.07819175567626953
0.0772662202835083
0.07862524166107178
0.07862147636413575
0.07825693826675414
0.07921993608474731
0.07925041885375976
0.07729283857345581
0.07810481691360474
0.07715504875183106
0.07946205282211304
0.0778900318145752
0.0781901704788208
0.07870398979187011
0.07779161043167114
0.07884519348144531
0.07915020208358764
0.07830891780853272
0.07880168571472168
0.07840261754989623
0.07981370658874512
0.07928106346130372
0.07971066198348999
0.07971217985153198
0.07990418739318848
0.08067520084381104
0.07865758657455445
2.0926797607421874
1.1299998291015625
0.7727217895507813
0.6033926391601563
0.5049492828369141
0.436025439453125
0.38728590240478517
0.34863985748291015
0.31801938018798825
0.2969558074951172
0.27674548263549803
0.2543830024719238
0.24198570251464843
0.22813821487426758
0.21915319290161134
0.20640789489746095
0.19638243255615234
0.1896285598754883
0.18244970932006835
0.17490978889465333
0.17008987770080566
0.16254991989135742
0.16077317390441895
0.15394172439575196
0.15054851455688475
0.14574900283813477
0.14587422981262207
0.1405209098815918
0.13883302879333495
0.1341071102142334
0.13093026962280274
0.1299514762878418
0.12959084930419923
0.1265349292755127
0.12384970970153808
0.12072728500366212
0.12044628410339356
0.11737774696350098
0.11583474655151367
0.11663181228637695
0.11380457916259766
0.11255474319458007
0.11365613288879395
0.10877289390563964
0.11051221237182617
0.10883121643066407
0.10757635192871094
0.10683868885040283
0.10426751899719239
0.10448263854980469
0.10446161556243896
0.1021543436050415
0.10135214653015137
0.10047869300842285
0.099945601272583
0.09832993602752685
0.09707305717468262
0.09758719387054443
0.09585066261291504
0.09638789672851562
0.09508246898651124
0.0946404619216919
0.09430210990905762
0.09335246887207031
0.09160008220672608
0.09169223155975342
0.08993949184417725
0.09099104232788086
0.08932392673492431
0.09005403442382813
0.08819455757141113
0.08789528408050537
0.08881241397857666
0.08659841938018799
0.08616011333465576
0.08568158798217773
0.08646469783782959
0.08659867744445801
0.08358006439208984
0.08540095863342285
0.08535013771057129
0.08356329460144044
0.08412991790771485
0.08390022621154786
0.08249020595550537
0.08393362998962402
0.08248517322540283
0.08223016443252563
0.08365590515136719
0.08228443012237549
0.0822999011039734
0.08227340631484985
0.08292731485366821
0.08199694919586181
0.08186456356048584
0.08080499000549317
0.08125354270935059
0.08035076570510864
0.07968352127075196
0.07858049697875977
0.08071121501922607
0.08075114841461181
0.08032294445037842
0.07942508029937743
0.07943106079101563
0.07992332515716553
0.07975923986434937
0.07983000402450562
0.07776746368408204
0.07943194484710693
0.08025466890335083
0.07841044597625732
0.0789103063583374
0.07885238475799561
0.0787734031677246
0.07784598655700684
0.07801441345214843
0.07797547388076782
0.07742335920333862
0.07890101490020753
0.07969573163986206
0.0781875940322876
0.0785918921470642
0.07863233585357667
0.07945999202728271
0.07776776695251465
0.07808070974349976
0.07765964431762695
0.07804045839309692
0.07814514675140381
0.07856422500610352
0.0795780704498291
0.07813551330566407
0.0788170223236084
0.07780062484741211
0.07754056301116943
0.07826437101364135
0.07933904428482055
0.07815502939224243
0.0782714756011963
0.07774935207366944
0.07800043296813965
0.0772143798828125
0.07756529359817504
0.07769190535545349
0.07831689853668213
0.07703633470535279
0.0781154441833496
0.07813921947479248
0.07867378492355347
0.07688526535034179
0.07747758235931397
0.07702182359695435
0.07687673206329346
0.07732552080154419
0.0775928861618042
0.07615004501342773
0.0778602837562561
0.07680179538726807
0.07790076327323914
0.07579675741195678
0.07605828199386597
0.07731300821304321
0.07709304285049438
0.07758490619659424
0.07652205696105957
0.0767963722229004
0.07577665882110596
0.07822606201171875
0.0765409818649292
0.0766867691040039
0.07607747883796692
0.07701393156051636
0.07531774435043335
0.07565854477882385
0.07624087581634521
0.0771293462753296
0.07639221377372742
0.07595611019134521
0.0764426465511322
0.07581846466064453
0.07693514909744263
0.07581578750610352
0.07559634561538696
0.07554048690795899
0.07630870943069458
0.0753401406288147
0.07514661388397217
0.07616527514457702
0.07623377108573913
0.07527671465873718
0.07552877645492553
0.07787429542541503
0.07712876758575439
0.07661118001937867
0.0753601568222046
0.07660304574966431
0.078683092212677
0.07823003606796265
0.07677021188735962
2.140683093261719
1.1647854553222656
0.768773193359375
0.5927480712890625
0.4868523223876953
0.41798251953125
0.36961077575683593
0.3339922424316406
0.3012965347290039
0.27516180419921876
0.2561118560791016
0.23925991973876953
0.2243780288696289
0.20925917434692382
0.19939248275756835
0.19173795623779297
0.1811717269897461
0.17591959953308106
0.16800998878479004
0.1617727382659912
0.154043745803833
0.14952718887329103
0.14506650924682618
0.140275341796875
0.13902870826721192
0.13173434677124024
0.12854071884155274
0.1263426013946533
0.12600522117614746
0.12022168655395508
0.12091712074279785
0.11729090232849121
0.1157877155303955
0.1130541961669922
0.11041188278198243
0.10972877655029296
0.10935312023162842
0.10722592029571533
0.10465699310302734
0.1055640272140503
0.10236757869720459
0.1027044116973877
0.1019332389831543
0.09934835166931152
0.09763039455413819
0.09674164257049561
0.09567012901306152
0.0948628740310669
0.09472735328674316
0.09464550247192383
0.09206684093475342
0.09114147644042969
0.09086392498016357
0.09037531814575195
0.08836098747253418
0.08896663742065429
0.08795316066741943
0.08706815071105957
0.08662861213684082
0.08547867698669434
0.0846069803237915
0.08438780593872071
0.08456255035400391
0.08357150840759277
0.0828404356956482
0.08321669692993164
0.08291289253234864
0.08165895652770996
0.08058147621154785
0.08088148469924927
0.08051830615997314
0.0795088659286499
0.07904598007202149
0.0801876070022583
0.07915403881072998
0.07896560344696045
0.07906444549560547
0.07773994369506836
0.07645846757888794
0.07786826496124268
0.07669406995773316
0.07741781311035156
0.07694039249420166
0.07588022994995117
0.07627639083862305
0.07602638034820557
0.07508819313049317
0.07501442861557008
0.07434323358535766
0.07475544414520263
0.07483871440887452
0.07507309789657593
0.07364705934524536
0.07471210784912109
0.07354378519058227
0.07403847007751464
0.07285859689712525
0.07357242784500122
0.0731465651512146
0.07337281980514526
0.07275428009033204
0.0723622838973999
0.07297271976470947
0.07260485410690308
0.07242748060226441
0.07269334745407105
0.07294473247528076
0.07296097450256347
0.07416838397979736
0.07273605709075928
0.07227669839859009
0.07246993646621704
0.07196772546768189
0.07237470803260804
0.07287354698181152
0.07187134284973144
0.07217715873718261
0.07131518883705139
0.07177738189697265
0.07214979290962219
0.07365890502929688
0.07262241091728211
0.07156955614089966
0.07188451814651489
0.07107476415634155
0.07203407335281373
0.07113785734176636
0.07220683269500733
0.07164945297241211
0.07088406233787536
0.07158024868965149
0.0721463586807251
0.07089429259300233
0.07200952067375183
0.07299324736595154
0.07065788412094116
0.07303617610931397
0.07285872983932495
0.070829758644104
0.07227997155189514
0.0724653525352478
0.07167779111862183
0.07220024585723878
0.07160253782272338
0.07213911561965942
0.07145183558464051
0.07159351954460144
0.07210626754760742
0.07286914787292481
0.0715491415977478
0.0728157859802246
0.0727922550201416
0.07210794878005981
0.07275325818061829
0.07231105966567992
0.07287523865699769
0.07410911593437194
0.0740607954978943
0.07452586917877198
0.0728642101764679
0.07409017477035522
0.07479714407920837
0.07334047660827636
0.07443375897407532
0.07367270669937134
0.07305570087432861
0.07375690817832947
0.07390070209503175
0.07442783274650573
0.07377665586471557
0.07474829449653625
0.07551239857673644
0.07484206247329712
0.07366844558715821
0.07550531153678894
0.07438824152946472
0.0759826904296875
0.07453080186843872
0.07571820731163025
0.07655107569694519
0.07739269142150879
0.07536095800399781
0.07572146844863892
0.07693153858184815
0.07554827256202698
0.07723208589553833
0.07660986814498902
0.07557535781860351
0.076007297706604
0.0760639033317566
0.07638422584533691
0.07700684957504272
0.0763944538116455
0.07672300653457642
0.07777863502502441
0.07658557281494141
0.07877296514511109
0.07729132099151612
0.07727484846115112
0.07796259231567383
2.8777205078125
2.587192822265625
2.4392559814453123
0.6724531188964844
0.5841426177978516
0.5458948120117187
0.5211311294555664
0.503828694152832
0.4895625198364258
0.4779221282958984
